,City,Lat,Lng,Max Temp,Humidity,Cloudiness,Wind Speed,Country,Date
0,Ibrā’,22.69,58.53,75.09,43,68,7.36,OM,1605847912
1,Kirakira,-10.45,161.92,79.79,86,100,10.78,SB,1605847679
2,Bilibino,68.05,166.44,8.91,88,95,0.38,RU,1605847913
3,Kapaa,22.08,-159.32,77.0,78,40,14.99,US,1605847913
4,Xinqing,48.23,129.5,23.18,78,100,3.31,CN,1605847913
5,Constitución,-35.33,-72.42,52.83,79,100,2.28,CL,1605847672
6,Albany,42.6,-73.97,42.01,64,75,9.17,US,1605847541
7,Gamba,-2.65,10.0,75.97,92,100,4.76,GA,1605847915
8,Sørland,67.67,12.69,38.01,76,99,28.03,NO,1605847915
9,Husavik,66.04,-17.34,32.0,93,90,5.82,IS,1605847915
10,Mogadishu,2.04,45.34,78.8,74,40,9.17,SO,1605847819
11,Punta Arenas,-53.15,-70.92,51.8,66,40,9.17,CL,1605847861
12,Hasaki,35.73,140.83,73.99,73,75,21.92,JP,1605847916
13,Cartagena,10.4,-75.51,80.6,88,40,6.93,CO,1605847916
14,Lavrentiya,65.58,-171.0,26.26,94,95,12.08,RU,1605847916
15,Mataura,-46.19,168.86,59.0,88,100,5.99,NZ,1605847648
16,San Andrés,12.58,-81.7,78.8,88,20,4.7,CO,1605847916
17,Cape Town,-33.93,18.42,64.99,67,0,6.93,ZA,1605847872
18,Nikolskoye,59.7,30.79,34.0,87,75,11.18,RU,1605847917
19,Pacific Grove,36.62,-121.92,52.0,87,1,4.7,US,1605847630
20,Tomatlán,19.93,-105.25,72.86,69,0,3.11,MX,1605847917
21,Rikitea,-23.12,-134.97,71.49,74,41,24.61,PF,1605847917
22,Mar del Plata,-38.0,-57.56,61.0,93,40,4.7,AR,1605847663
23,Barrow,71.29,-156.79,19.4,92,90,11.41,US,1605847918
24,Castro,-24.79,-50.01,55.13,87,75,7.56,BR,1605847918
25,Atuona,-9.8,-139.03,78.6,70,17,7.47,PF,1605847918
26,Bluff,-46.6,168.33,59.0,88,100,5.01,NZ,1605847918
27,Leh,34.17,77.58,20.32,68,55,3.87,IN,1605847710
28,Payson,40.04,-111.73,39.2,55,1,4.7,US,1605847919
29,Vaini,-21.2,-175.2,78.8,83,75,8.05,TO,1605847919
30,Ushuaia,-54.8,-68.3,46.4,87,75,8.05,AR,1605847806
31,Hilo,19.73,-155.09,78.8,74,90,4.7,US,1605847398
32,Tongliao,43.61,122.27,24.89,91,0,7.47,CN,1605847919
33,San Patricio,28.02,-97.52,70.0,88,20,6.93,US,1605847920
34,Esperance,-33.87,121.9,77.0,61,57,16.11,AU,1605847776
35,Guerrero Negro,27.98,-114.06,67.98,70,11,8.59,MX,1605847920
36,Riberalta,-10.98,-66.1,67.89,90,100,2.08,BO,1605847920
37,Kulaman,6.46,124.09,86.41,65,40,5.39,PH,1605847920
38,Khatanga,71.97,102.5,13.26,95,100,10.04,RU,1605847921
39,Taltal,-25.4,-70.48,56.35,72,0,0.72,CL,1605847921
40,Suwannaphum,15.6,103.8,91.0,55,20,4.7,TH,1605847921
41,Okhotsk,59.38,143.3,2.43,87,51,22.41,RU,1605847921
42,Anadyr,64.75,177.48,30.2,86,0,4.47,RU,1605847684
43,Sal Rei,16.18,-22.92,75.2,83,0,10.29,CV,1605847922
44,Macomb,40.46,-90.67,60.8,38,90,13.87,US,1605847922
45,Puerto Ayora,-0.74,-90.35,71.01,92,72,8.01,EC,1605847922
46,Lysyye Gory,51.55,44.84,18.18,93,0,8.61,RU,1605847922
47,Pucallpa,-8.38,-74.55,73.24,97,57,2.15,PE,1605847923
48,Natchez,31.56,-91.4,60.8,87,1,10.29,US,1605847923
49,Årdalstangen,61.24,7.7,23.58,90,100,5.17,NO,1605847923
50,Hengshui,37.73,115.7,47.62,49,19,6.04,CN,1605847923
51,Port Alfred,-33.59,26.89,64.08,64,22,6.13,ZA,1605847924
52,Saskylakh,71.92,114.08,16.77,95,100,10.94,RU,1605847924
53,Avarua,-21.21,-159.78,78.8,83,81,9.17,CK,1605847924
54,Archidona,37.1,-4.39,59.0,84,20,1.01,ES,1605847924
55,Alofi,-19.06,-169.92,82.4,78,53,8.05,NU,1605847924
56,Aktau,43.65,51.2,21.2,57,0,15.66,KZ,1605847925
57,Busselton,-33.65,115.33,66.99,90,76,5.01,AU,1605847909
58,Broome,42.25,-75.83,42.01,55,75,4.7,US,1605847925
59,Slave Lake,55.28,-114.77,6.8,92,75,6.93,CA,1605847925
60,Ahipara,-35.17,173.17,63.72,60,85,8.46,NZ,1605847925
61,Mataram,-8.58,116.12,91.4,59,75,9.17,ID,1605847926
62,Souillac,-20.52,57.52,71.6,94,75,2.24,MU,1605847926
63,Arraial do Cabo,-22.97,-42.03,71.91,83,91,14.27,BR,1605847926
64,Bairiki Village,1.33,172.98,86.0,74,20,4.7,KI,1605847926
65,Severo-Kuril'sk,50.68,156.12,32.86,90,100,8.14,RU,1605847927
66,Houma,29.6,-90.72,62.01,93,1,4.7,US,1605847857
67,Tiksi,71.69,128.87,2.21,88,100,17.11,RU,1605847927
68,Pho Chai,16.33,103.77,91.0,55,20,4.7,TH,1605847927
69,Diffa,13.32,12.61,66.78,28,0,9.55,NE,1605847927
70,Talnakh,69.49,88.4,10.4,85,75,24.61,RU,1605847928
71,Gravdal,68.12,13.5,36.84,78,89,18.25,NO,1605847928
72,Pisco,-13.7,-76.22,63.0,82,0,6.93,PE,1605847928
73,Saint-Joseph,-21.37,55.62,77.0,57,0,8.05,RE,1605847928
74,Dison,50.61,5.85,42.01,93,76,6.93,BE,1605847928
75,Torbay,47.67,-52.73,28.99,58,90,20.8,CA,1605847928
76,Pedra Azul,-16.01,-41.3,66.96,97,100,4.12,BR,1605847929
77,Kumul,42.8,93.45,29.26,76,100,7.2,CN,1605847753
78,Luwuk,-0.95,122.79,87.44,63,61,1.86,ID,1605847929
79,Igrim,63.19,64.42,31.77,94,100,13.42,RU,1605847929
80,Haines Junction,60.75,-137.51,-18.4,68,77,1.12,CA,1605847930
81,Marawi,8.0,124.29,84.99,77,22,5.01,PH,1605847930
82,Mount Gambier,-37.83,140.77,71.6,60,91,13.87,AU,1605847930
83,Narsaq,60.92,-46.05,30.2,92,100,2.19,GL,1605847930
84,Butaritari,3.07,172.79,82.31,81,73,15.93,KI,1605847930
85,Alugan,12.22,125.48,84.97,69,63,6.13,PH,1605847930
86,Promyshlennaya,54.92,85.64,14.0,85,90,13.42,RU,1605847931
87,Bredasdorp,-34.53,20.04,57.2,93,0,5.82,ZA,1605847931
88,Iquitos,-3.75,-73.25,77.0,94,75,4.7,PE,1605847871
89,Honiara,-9.43,159.95,84.2,74,75,4.7,SB,1605847931
90,Bubaque,11.28,-15.83,82.13,70,0,8.68,GW,1605847931
91,San Quintín,30.48,-115.95,65.17,75,31,11.74,MX,1605847932
92,Charters Towers,-20.1,146.27,92.91,22,0,19.64,AU,1605847932
93,Cherskiy,68.75,161.3,4.64,95,79,2.42,RU,1605847932
94,Amazar,53.86,120.88,18.9,93,100,2.39,RU,1605847932
95,Hobart,-42.88,147.33,68.0,45,20,20.8,AU,1605847855
96,Russell,32.35,-85.2,51.8,93,1,5.35,US,1605847933
97,Touros,-5.2,-35.46,77.0,88,40,4.7,BR,1605847933
98,Bambous Virieux,-20.34,57.76,77.0,94,75,2.24,MU,1605847933
99,Bengkulu,-3.8,102.27,84.29,71,98,7.09,ID,1605847933
100,Inndyr,67.03,14.03,37.4,47,40,20.8,NO,1605847934
101,Evensk,61.95,159.23,2.82,85,93,8.37,RU,1605847934
102,Jamestown,42.1,-79.24,53.6,34,40,12.75,US,1605847802
103,Port Hardy,50.7,-127.42,44.6,100,75,12.06,CA,1605847934
104,Shiyan,32.65,110.78,56.25,54,54,14.27,CN,1605847934
105,Coahuayana Viejo,18.73,-103.68,76.08,70,0,3.42,MX,1605847935
106,Peace River,56.25,-117.29,5.0,84,75,8.05,CA,1605847687
107,East London,-33.02,27.91,59.0,82,0,6.93,ZA,1605847935
108,Serchhīp,23.3,92.83,75.2,69,0,3.36,IN,1605847935
109,Motygino,58.18,94.76,16.5,94,100,11.74,RU,1605847935
110,Faanui,-16.48,-151.75,80.01,74,77,9.86,PF,1605847909
111,São Filipe,14.9,-24.5,78.98,66,80,7.2,CV,1605847535
112,Mehamn,71.04,27.85,33.8,86,90,33.33,NO,1605847936
113,Cheremshan,54.67,51.5,18.43,94,31,16.49,RU,1605847936
114,Pajusti,59.28,26.41,33.08,90,46,10.02,EE,1605847936
115,Tuktoyaktuk,69.45,-133.04,1.4,77,5,10.29,CA,1605847936
116,Kahului,20.89,-156.47,78.8,61,40,12.75,US,1605847664
117,Bedford,52.13,-0.47,35.01,93,37,6.62,GB,1605847937
118,New Norfolk,-42.78,147.06,68.0,35,47,1.99,AU,1605847937
119,Lagoa,39.05,-27.98,61.23,70,63,7.7,PT,1605847937
120,Conceição do Araguaia,-8.26,-49.26,71.47,94,100,1.77,BR,1605847937
121,Hermanus,-34.42,19.23,61.0,74,0,8.01,ZA,1605847937
122,Chui,-33.7,-53.46,58.64,79,20,3.58,UY,1605847938
123,Kimry,56.87,37.35,34.2,87,100,16.08,RU,1605847938
124,Vradiyivka,47.86,30.59,33.58,92,100,9.42,UA,1605847938
125,Pincher Creek,49.48,-113.95,34.0,92,1,11.41,CA,1605847938
126,High Level,58.52,-117.14,-5.8,91,90,2.24,CA,1605847938
127,Caravelas,-17.71,-39.25,74.75,92,100,10.27,BR,1605847939
128,Chokurdakh,70.63,147.92,-8.03,90,96,4.88,RU,1605847939
129,Mossamedes,-15.2,12.15,67.06,73,26,6.6,AO,1605847939
130,Rio Grande,-32.03,-52.1,61.0,85,7,7.43,BR,1605847939
131,Ribeira Grande,38.52,-28.7,59.09,70,7,3.47,PT,1605847939
132,Ponta do Sol,32.67,-17.1,68.0,77,40,13.87,PT,1605847940
133,Thompson,55.74,-97.86,5.0,92,40,4.7,CA,1605847940
134,Atherton,53.52,-2.49,39.99,83,80,1.99,GB,1605847940
135,Yambio,4.57,28.4,72.01,86,79,1.54,SS,1605847940
136,Coquimbo,-29.95,-71.34,55.4,87,40,5.82,CL,1605847839
137,Maumere,-8.62,122.21,87.53,61,61,2.42,ID,1605847940
138,Baykit,61.67,96.37,14.02,93,100,5.08,RU,1605847941
139,Dayong,25.02,118.29,86.0,66,20,2.24,CN,1605847941
140,Beringovskiy,63.05,179.32,33.21,91,92,1.99,RU,1605847941
141,Sambava,-14.27,50.17,77.25,63,15,7.16,MG,1605847941
142,Ilulissat,69.22,-51.1,32.0,89,100,17.22,GL,1605847941
143,Nhulunbuy,-12.23,136.77,87.8,62,75,18.34,AU,1605847942
144,Shelburne,44.08,-80.2,53.6,46,100,10.29,CA,1605847942
145,Nouakchott,18.09,-15.98,66.2,24,56,8.05,MR,1605847942
146,Verkhnevilyuysk,63.45,120.32,-0.38,91,63,7.83,RU,1605847942
147,Naze,28.37,129.48,80.6,78,75,17.22,JP,1605847942
148,San Miguel de Tucumán,-26.82,-65.22,71.6,68,90,5.82,AR,1605847943
149,Harpanahalli,14.8,75.98,81.63,51,62,12.21,IN,1605847943
150,Necochea,-38.55,-58.74,54.0,84,1,10.0,AR,1605847648
151,Hithadhoo,-0.6,73.08,81.61,70,70,5.21,MV,1605847943
152,Korla,41.76,86.15,33.04,74,86,5.79,CN,1605847895
153,Aldan,58.6,125.39,1.72,91,100,1.86,RU,1605847944
154,Manado,1.49,124.85,78.8,83,40,6.93,ID,1605847944
155,Mabaruma,8.2,-59.78,72.75,98,4,2.28,GY,1605847944
156,Kingman,35.19,-114.05,53.01,39,1,6.93,US,1605847742
157,Ilhéus,-14.79,-39.05,75.42,94,100,7.81,BR,1605847791
158,The Valley,18.22,-63.06,80.6,83,20,11.41,AI,1605847944
159,Labuhan,-6.88,112.21,89.06,59,53,4.76,ID,1605847945
160,Qiongshan,20.01,110.35,82.4,74,75,8.95,CN,1605847945
161,Kavieng,-2.57,150.8,84.25,75,98,9.86,PG,1605847945
162,Westport,41.14,-73.36,48.2,57,1,18.34,US,1605847945
163,Druzhba,52.04,33.95,26.42,96,28,15.61,UA,1605847945
164,La Ferté-Bernard,48.19,0.65,37.4,100,0,2.46,FR,1605847946
165,Tautira,-17.73,-149.15,80.6,78,75,4.7,PF,1605847946
166,Saint Paul Harbor,57.79,-152.41,35.6,93,90,3.36,US,1605847946
167,Saint-Pierre,-21.34,55.48,77.0,57,0,8.05,RE,1605847665
168,Porbandar,21.64,69.61,80.6,21,0,13.87,IN,1605847946
169,Fortuna,40.6,-124.16,45.0,100,1,4.0,US,1605847947
170,Praia,14.92,-23.51,77.0,78,0,16.11,CV,1605847947
171,Leningradskiy,69.38,178.42,25.95,98,100,7.11,RU,1605847947
172,Kazygurt,41.76,69.39,21.2,62,100,3.42,KZ,1605847947
173,Saldanha,-33.01,17.94,60.8,63,0,4.7,ZA,1605847948
174,Pangai,-19.8,-174.35,80.6,78,75,10.29,TO,1605847948
175,George Town,5.41,100.34,87.8,74,20,3.36,MY,1605847939
176,Petropavlovsk-Kamchatskiy,53.05,158.65,32.0,88,20,11.18,RU,1605847948
177,Yellowknife,62.46,-114.35,1.0,84,75,2.24,CA,1605847948
178,Bac Lieu,9.29,105.72,85.33,74,82,15.48,VN,1605847949
179,Zhezkazgan,47.8,67.71,10.27,89,4,6.13,KZ,1605847949
180,Gijang,35.24,129.21,60.8,41,0,8.05,KR,1605847916
181,Svetlaya,46.54,138.33,32.63,88,100,17.94,RU,1605847949
182,Kieta,-6.22,155.63,83.35,75,96,6.62,PG,1605847656
183,Lata,40.16,-8.33,54.0,90,1,5.99,PT,1605847950
184,Pichayevo,53.24,42.2,21.9,92,0,14.76,RU,1605847950
185,Abapó,-18.83,-63.47,63.54,54,99,2.44,BO,1605847950
186,Glendive,47.11,-104.71,28.0,92,40,3.36,US,1605847950
187,Antofagasta,-23.65,-70.4,59.0,82,20,12.75,CL,1605847951
188,Mayo,38.89,-76.51,48.99,52,1,6.93,US,1605847951
189,Port Elizabeth,-33.92,25.57,57.2,93,20,5.01,ZA,1605847951
190,Hailar,49.2,119.7,21.49,81,100,10.42,CN,1605847951
191,Beyneu,45.32,55.2,23.97,71,0,9.8,KZ,1605847951
192,Coyhaique,-45.58,-72.07,53.6,71,0,3.36,CL,1605847951
193,Upington,-28.45,21.26,69.8,43,0,9.17,ZA,1605847952
194,Clyde River,70.47,-68.59,10.4,85,90,16.11,CA,1605847660
195,Chany,55.31,76.76,14.56,94,50,13.91,RU,1605847952
196,Kharp,66.8,65.81,21.33,97,100,6.53,RU,1605847952
197,Pevek,69.7,170.31,19.35,97,100,3.65,RU,1605847952
198,Bagan,54.1,77.66,14.86,96,100,13.89,RU,1605847953
199,Sioux Lookout,50.1,-91.92,24.8,85,90,5.82,CA,1605847953
200,Tuatapere,-46.13,167.68,59.0,88,100,5.01,NZ,1605847953
201,Ajdabiya,30.76,20.23,59.72,82,17,6.38,LY,1605847953
202,Qaanaaq,77.48,-69.36,26.13,89,100,10.09,GL,1605847953
203,Ossora,59.24,163.07,17.74,80,38,3.56,RU,1605847708
204,Inverness,57.48,-4.22,34.0,92,0,4.76,GB,1605847954
205,Barranca,-10.75,-77.77,62.22,91,71,5.37,PE,1605847954
206,Muravlenko,63.79,74.52,21.85,98,100,21.99,RU,1605847954
207,Nemuro,43.32,145.57,55.4,93,75,3.36,JP,1605847954
208,Mana,5.66,-53.78,75.51,92,93,5.35,GF,1605847954
209,Pangody,65.85,74.49,22.1,97,100,18.61,RU,1605847955
210,Tasiilaq,65.61,-37.64,32.0,82,100,18.34,GL,1605847955
211,Oberá,-27.49,-55.12,58.48,76,0,1.61,AR,1605847793
212,Posse,-14.09,-46.37,66.69,99,83,4.38,BR,1605847955
213,Shimoda,34.67,138.95,71.6,78,75,17.22,JP,1605847955
214,Margate,51.38,1.39,41.0,92,7,3.0,GB,1605847956
215,Newport,51.59,-3.0,41.0,88,100,8.61,GB,1605847668
216,Tilichiki,60.47,166.1,-0.29,95,64,6.53,RU,1605847956
217,Rēzekne,56.5,27.32,35.28,83,95,11.88,LV,1605847956
218,Muhafazat Lahij,13.17,44.58,74.48,56,89,4.56,YE,1605847956
219,Opuwo,-18.06,13.84,70.59,31,15,0.85,NA,1605847957
220,Kharan,28.58,65.42,57.38,33,0,9.33,PK,1605847957
221,Peleduy,59.63,112.74,6.98,92,99,9.91,RU,1605847957
222,Whitehorse,60.72,-135.05,1.4,70,20,11.41,CA,1605847858
223,Grand Gaube,-20.01,57.66,77.0,70,60,4.0,MU,1605847958
224,Altus,34.64,-99.33,66.2,63,1,9.17,US,1605847862
225,Pemangkat,1.17,108.97,82.29,79,23,9.71,ID,1605847958
226,Atar,20.52,-13.05,71.11,26,1,10.2,MR,1605847958
227,Acaraú,-2.89,-40.12,77.52,87,70,8.21,BR,1605847958
228,Corinth,37.94,22.96,53.6,62,40,10.29,GR,1605847959
229,Lompoc,34.64,-120.46,59.0,66,1,5.03,US,1605847959
230,Santa Maria,-29.68,-53.81,57.56,81,2,6.85,BR,1605847684
231,Nangong,37.36,115.37,48.61,49,17,5.88,CN,1605847959
232,Mandalgovi,45.76,106.27,16.59,79,100,19.71,MN,1605847959
233,Sahuaripa,29.05,-109.23,71.2,32,0,4.16,MX,1605847960
234,Gerāsh,27.67,54.14,53.6,66,0,5.06,IR,1605847960
235,Dezhou,37.45,116.29,47.37,52,11,6.2,CN,1605847960
236,Kita,13.03,-9.49,68.38,36,36,3.78,ML,1605847960
237,Kalakamati,-20.59,27.31,75.2,50,0,10.29,BW,1605847960
238,Egvekinot,66.32,-179.17,25.5,99,100,4.72,RU,1605847961
239,Cabo San Lucas,22.89,-109.91,75.99,56,5,4.7,MX,1605847961
240,Goderich,43.75,-81.72,55.4,64,100,19.46,CA,1605847961
241,Baláo,-2.92,-79.82,70.81,86,92,3.06,EC,1605847961
242,Verāval,20.9,70.37,80.94,31,69,12.15,IN,1605847961
243,Gondanglegi,-7.75,112.01,90.12,59,60,8.08,ID,1605847961
244,Ambilobe,-13.2,49.05,79.27,64,94,4.72,MG,1605847925
245,Kiama,-34.68,150.87,86.0,63,6,4.0,AU,1605847665
246,Maniitsoq,65.42,-52.9,29.82,94,66,11.7,GL,1605847962
247,Saint-François,46.42,3.91,42.8,87,90,6.93,FR,1605847962
248,Vestmanna,62.16,-7.17,41.0,75,93,19.46,FO,1605847962
249,Vanavara,60.34,102.28,9.93,94,99,8.61,RU,1605847963
250,Lebu,-37.62,-73.65,51.51,85,97,2.59,CL,1605847963
251,Quatre Cocos,-20.21,57.76,77.0,94,75,2.24,MU,1605847963
252,Qaqortoq,60.72,-46.03,30.2,92,100,6.87,GL,1605847963
253,Bend,44.06,-121.32,32.0,91,1,4.7,US,1605847310
254,Dunda,-8.12,34.25,75.33,53,0,0.76,TZ,1605847964
255,Vestmannaeyjar,63.44,-20.27,44.22,67,92,15.61,IS,1605847535
256,Nagato,34.38,131.2,66.2,59,75,24.16,JP,1605847964
257,Ancud,-41.87,-73.82,54.0,87,75,13.87,CL,1605847964
258,Mae Sai,20.43,99.88,84.99,65,20,4.7,TH,1605847964
259,Berlevåg,70.86,29.09,33.8,86,90,33.33,NO,1605847964
260,Camacha,33.08,-16.33,68.0,77,40,14.99,PT,1605847965
261,Athabasca,54.72,-113.29,10.4,78,100,2.24,CA,1605847951
262,Vilhena,-12.74,-60.15,66.09,97,77,2.01,BR,1605847965
263,Nanzhang,31.78,111.84,60.62,47,22,7.45,CN,1605847965
264,Padang,-0.95,100.35,84.15,71,97,6.24,ID,1605847965
265,Pangnirtung,66.15,-65.71,7.88,88,76,5.82,CA,1605847966
266,Khandyga,62.67,135.6,-7.51,91,100,1.19,RU,1605847966
267,Simpang,-1.27,104.08,87.12,73,95,1.34,ID,1605847966
268,Lüderitz,-26.65,15.16,60.93,75,0,3.76,NA,1605847966
269,High Prairie,55.43,-116.49,1.4,91,98,2.24,CA,1605847967
270,Elbistan,38.21,37.2,42.62,81,100,5.97,TR,1605847967
271,Mahébourg,-20.41,57.7,71.6,94,75,2.24,MU,1605847967
272,Esfarāyen,37.08,57.51,32.0,71,90,4.7,IR,1605847967
273,Kutum,14.2,24.67,61.92,32,0,5.3,SD,1605847967
274,Chumikan,54.72,135.31,12.88,87,0,20.78,RU,1605847968
275,Jalu,29.03,21.55,58.08,77,49,10.85,LY,1605847968
276,Khovd,48.01,91.64,13.87,65,7,3.0,MN,1605847968
277,Hambantota,6.12,81.12,86.0,79,20,3.36,LK,1605847968
278,Meulaboh,4.14,96.13,83.73,72,25,6.67,ID,1605847968
279,Los Andes,-32.83,-70.6,59.0,81,8,8.05,CL,1605847727
280,Sendafa,9.15,39.03,53.26,48,0,2.46,ET,1605847969
281,Amahai,-3.33,128.92,86.85,63,15,6.2,ID,1605847924
282,Yar-Sale,66.83,70.83,26.35,97,100,20.54,RU,1605847969
283,Robertsport,6.75,-11.37,78.15,81,35,1.48,LR,1605847970
284,Cherbourg-en-Cotentin,49.64,-1.61,48.99,75,75,6.93,FR,1605847970
285,Bereda,43.27,-7.54,48.99,96,75,5.99,ES,1605847970
286,Geraldton,-28.77,114.6,77.0,53,0,16.11,AU,1605847970
287,Saint-Philippe,-21.36,55.77,80.6,57,0,8.05,RE,1605847970
288,Klembivka,48.39,28.41,32.05,98,2,3.78,UA,1605847970
289,Alice Springs,-23.7,133.88,95.0,21,75,5.82,AU,1605847882
290,Morón,-34.65,-58.62,66.0,83,0,3.0,AR,1605847971
291,Kifrī,34.7,44.97,63.07,48,100,7.67,IQ,1605847971
292,Wajima,37.4,136.9,60.8,82,75,14.99,JP,1605847971
293,Longhua,23.61,114.19,91.2,44,10,2.55,CN,1605847972
294,Airai,-8.93,125.41,79.9,50,30,4.34,TL,1605847972
295,Trairi,-3.28,-39.27,78.22,84,60,7.81,BR,1605847788
296,Ketchikan,55.34,-131.65,35.6,93,90,13.87,US,1605847957
297,Vostok,46.49,135.88,25.97,97,100,5.19,RU,1605847973
298,La Ronge,55.1,-105.28,8.6,78,87,4.7,CA,1605847973
299,Alpena,45.06,-83.43,50.0,61,1,5.82,US,1605847973
300,Vardø,70.37,31.11,35.6,80,40,21.92,NO,1605847973
301,Salta,-24.79,-65.41,62.6,72,40,3.36,AR,1605847974
302,Calamar,10.25,-74.91,80.6,88,40,6.93,CO,1605847974
303,Kūhdasht,33.53,47.61,42.8,81,75,4.7,IR,1605847974
304,Buin,-33.73,-70.75,59.0,81,18,8.05,CL,1605847974
305,Antalaha,-14.9,50.28,78.62,57,8,5.06,MG,1605847974
306,Saint Anthony,45.02,-93.22,45.0,70,75,5.82,US,1605847975
307,Mitsamiouli,-11.38,43.28,80.42,76,12,10.8,KM,1605847975
308,Hamilton,39.18,-84.53,57.2,30,1,13.87,US,1605847963
309,Flic en Flac,-20.27,57.36,77.0,94,75,2.24,MU,1605847975
310,Hay River,60.82,-115.8,-9.4,83,0,5.82,CA,1605847975
311,Sitka,57.05,-135.33,39.2,60,75,13.87,US,1605847975
312,Khorixas,-20.37,14.97,68.05,32,0,2.75,NA,1605847976
313,Kourou,5.16,-52.65,75.2,100,90,1.12,GF,1605847976
314,Banepā,27.63,85.52,62.6,51,20,3.36,NP,1605847976
315,Flinders,-34.58,150.86,86.0,63,13,4.0,AU,1605847976
316,Luganville,-15.53,167.17,80.6,83,75,8.05,VU,1605847976
317,Castrillón,43.4,-6.79,50.0,81,67,3.36,ES,1605847977
318,Basco,20.45,121.97,81.01,83,1,13.96,PH,1605847977
319,Lorengau,-2.02,147.27,85.73,68,92,5.14,PG,1605847977
320,Morondava,-20.28,44.28,81.34,55,1,1.86,MG,1605847977
321,Turukhansk,65.82,87.98,13.73,96,100,13.33,RU,1605847977
322,Moosomin,50.13,-101.67,13.46,95,92,12.33,CA,1605847978
323,Nago,26.59,127.98,82.4,83,90,10.29,JP,1605847978
324,Comodoro Rivadavia,-45.87,-67.5,57.2,87,0,4.7,AR,1605847978
325,Sīrjān,29.45,55.68,53.58,55,4,7.7,IR,1605847978
326,Rrogozhinë,41.08,19.67,33.8,59,0,3.36,AL,1605847978
327,Karatau,43.17,70.47,12.74,93,76,3.18,KZ,1605847979
328,Kruisfontein,-34.0,24.73,59.22,71,0,6.42,ZA,1605847979
329,Port Keats,-14.25,129.55,89.92,56,19,10.63,AU,1605847979
330,Sola,-13.88,167.55,80.19,82,100,17.2,VU,1605847979
331,Vila Velha,-20.33,-40.29,81.0,88,75,4.7,BR,1605847749
332,Tel'ma,52.7,103.71,8.6,84,40,5.68,RU,1605847980
333,Cayenne,4.93,-52.33,75.2,100,75,6.55,GF,1605847774
334,Clarksdale,34.2,-90.57,57.99,43,0,10.29,US,1605847980
335,Takaka,-40.85,172.8,66.99,74,74,8.01,NZ,1605847980
336,Olafsvik,64.89,-23.71,40.87,76,96,12.66,IS,1605847980
337,Santarém,-2.44,-54.71,75.2,94,20,4.7,BR,1605847947
338,Nelson Bay,-32.72,152.15,91.4,46,1,9.17,AU,1605847981
339,Port Blair,11.67,92.75,84.09,69,76,14.18,IN,1605847868
340,Yaan,7.38,8.57,71.22,77,98,2.57,NG,1605847981
341,Ocean City,39.28,-74.57,46.99,70,1,8.05,US,1605847982
342,Buala,-8.14,159.59,78.91,85,100,7.78,SB,1605847982
343,Krasnokamensk,50.1,118.04,16.18,88,100,15.37,RU,1605847982
344,Durusu,41.31,28.68,55.99,54,75,20.8,TR,1605847982
345,Ishikari,43.24,141.35,54.0,87,75,12.75,JP,1605847983
346,Monterey,36.25,-121.25,55.4,71,1,4.7,US,1605847983
347,Puerto Varas,-41.32,-72.99,51.8,87,90,8.05,CL,1605847948
348,College,64.86,-147.8,3.99,68,1,1.57,US,1605847983
349,Agadez,19.75,10.25,57.02,42,67,10.58,NE,1605847983
350,Sechura,-5.56,-80.82,66.45,76,100,10.65,PE,1605847984
351,Jijiga,9.35,42.8,60.93,50,0,7.16,ET,1605847984
352,Kyshtovka,56.55,76.63,16.38,93,69,14.2,RU,1605847984
353,Carnarvon,-24.87,113.63,80.6,39,99,24.16,AU,1605847984
354,Asău,46.43,26.4,30.99,46,0,3.36,RO,1605847984
355,Basoko,1.24,23.62,73.22,94,99,1.52,CD,1605847985
356,Acapulco de Juárez,16.86,-99.89,79.18,57,36,4.65,MX,1605847701
357,Qrendi,35.83,14.46,64.0,87,20,9.17,MT,1605847985
358,Dhidhdhoo,6.88,73.1,82.11,80,86,11.81,MV,1605847985
359,Port Lincoln,-34.73,135.87,67.5,60,83,10.31,AU,1605847784
360,Oktyabr'skiy,54.48,53.47,17.37,92,73,15.93,RU,1605847986
361,Upernavik,72.79,-56.15,27.46,95,99,4.34,GL,1605847986
362,Nome,64.5,-165.41,26.6,86,90,20.8,US,1605847986
363,Chifeng,42.27,118.96,29.93,80,0,2.86,CN,1605847987
364,Caucayá,-0.19,-74.78,72.75,98,50,0.85,CO,1605847987
365,Cidreira,-30.18,-50.21,65.07,64,82,4.12,BR,1605847987
366,Ous,60.91,61.52,31.78,92,87,12.3,RU,1605847987
367,Poum,-20.23,164.02,77.65,70,24,8.72,NC,1605847987
368,Coxim,-18.51,-54.76,71.85,66,26,3.65,BR,1605847987
369,Belaya Gora,68.53,146.42,-4.07,89,100,3.11,RU,1605847988
370,Danilovka,50.36,44.12,19.31,94,0,9.78,RU,1605847988
371,Dicabisagan,17.08,122.42,84.42,71,15,6.06,PH,1605847988
372,Messina,38.19,15.55,64.4,77,75,2.24,IT,1605847988
373,Malartic,48.13,-78.13,37.0,92,75,4.7,CA,1605847988
374,Tuscaloosa,33.21,-87.57,50.0,75,1,6.15,US,1605847754
375,Am Timan,11.03,20.28,70.52,31,1,6.11,TD,1605847989
376,Dikson,73.51,80.55,16.75,97,100,25.66,RU,1605847989
377,Dumas,35.87,-101.97,57.2,27,1,11.41,US,1605847989
378,The Pas,53.83,-101.25,12.2,72,90,11.41,CA,1605847989
379,Coreaú,-3.53,-40.66,75.02,80,80,0.87,BR,1605847990
380,Carutapera,-1.2,-46.02,74.08,95,99,3.8,BR,1605847990
381,Xinzhou,38.41,112.73,40.03,60,72,3.24,CN,1605847990
382,Nanortalik,60.14,-45.24,31.53,96,100,13.82,GL,1605847990
383,Ulladulla,-35.35,150.47,93.0,55,20,10.29,AU,1605847967
384,Kaitangata,-46.28,169.85,59.0,92,100,8.01,NZ,1605847991
385,Shinshiro,34.9,137.5,70.0,94,100,1.01,JP,1605847815
386,Barão de Melgaço,-16.19,-55.97,71.6,83,0,2.24,BR,1605847991
387,Aljezur,37.32,-8.8,63.0,75,0,8.01,PT,1605847991
388,Prainha,-1.8,-53.48,74.23,93,99,1.57,BR,1605847992
389,Novy Urengoy,66.08,76.63,18.61,97,99,17.2,RU,1605847992
390,Aban,56.67,96.06,16.97,92,100,13.76,RU,1605847992
391,Deputatsky,69.3,139.9,-9.2,90,37,5.77,RU,1605847992
392,Arlit,18.74,7.39,62.67,30,64,4.05,NE,1605847992
393,Langenburg,49.25,9.85,37.99,93,60,2.24,DE,1605847993
394,La Palma,33.85,-118.05,59.0,72,1,2.3,US,1605847993
395,Oparino,59.85,48.28,32.38,94,100,14.9,RU,1605847993
396,Loandjili,-4.76,11.86,76.35,88,99,3.42,CG,1605847993
397,Yangi Marg`ilon,40.43,71.72,23.0,85,0,2.24,UZ,1605847993
398,Ixtapa,20.7,-105.2,79.0,83,5,3.4,MX,1605847994
399,Chaman,30.92,66.45,46.6,49,0,4.0,PK,1605847994
400,Taoudenni,22.68,-3.98,65.01,37,36,15.79,ML,1605847994
401,Bethel,41.37,-73.41,42.8,56,1,8.05,US,1605847994
402,Bandar-e Lengeh,26.56,54.88,75.2,44,0,6.93,IR,1605847994
403,Carballo,43.21,-8.69,51.01,90,4,1.01,ES,1605847995
404,Uarini,-2.99,-65.11,75.31,96,54,2.46,BR,1605847995
405,Paungde,18.48,95.5,79.66,71,1,11.16,MM,1605847995
406,Belyy Yar,53.6,91.39,23.0,62,0,8.95,RU,1605847995
407,Atagay,55.1,99.39,18.18,89,100,10.96,RU,1605847996
408,Boca do Acre,-8.75,-67.4,72.57,97,99,3.27,BR,1605847996
409,Suluova,40.83,35.65,26.6,86,40,4.7,TR,1605847996
410,Katsuura,35.13,140.3,73.4,64,75,25.28,JP,1605847996
411,Truth or Consequences,33.13,-107.25,64.0,36,1,11.41,US,1605847996
412,Vung Tau,10.35,107.08,84.58,70,15,14.0,VN,1605847996
413,Keflavik,64.0,-22.56,37.4,93,75,11.41,IS,1605847997
414,Buta,2.79,24.73,71.31,94,60,1.1,CD,1605847997
415,Salalah,17.02,54.09,78.8,44,0,2.24,OM,1605847997
416,Shubarshi,48.59,57.19,17.69,92,0,4.68,KZ,1605847997
417,Canto do Buriti,-8.11,-42.94,71.4,92,100,2.86,BR,1605847997
418,Huai Mek,16.59,103.24,88.0,58,20,2.24,TH,1605847998
419,Tual,-5.67,132.75,84.96,70,75,8.25,ID,1605847998
420,Gizo Government Station,-8.1,156.84,86.2,68,100,9.86,SB,1605847998
421,Rocha,-34.48,-54.33,57.96,85,84,3.27,UY,1605847998
422,Key West,24.56,-81.78,78.8,78,1,12.75,US,1605847888
423,Zhigansk,66.77,123.37,-3.32,90,100,16.4,RU,1605847999
424,Kualakapuas,-3.01,114.39,89.6,66,40,3.36,ID,1605847999
425,Rūdsar,37.14,50.29,51.8,93,90,2.24,IR,1605847999
426,Norman Wells,65.28,-126.83,-16.6,82,5,3.36,CA,1605848000
427,Cabra,37.47,-4.44,52.0,83,17,0.58,ES,1605848000
428,Salisbury,51.07,-1.8,35.6,100,100,3.36,GB,1605847805
429,Dandong,40.13,124.39,35.98,73,0,15.64,CN,1605848000
430,Churapcha,62.0,132.43,-5.19,91,98,3.87,RU,1605848001
431,Aykhal,66.0,111.5,3.2,84,0,4.47,RU,1605848001
432,Saravan,39.72,45.65,39.2,69,75,6.93,AM,1605848001
433,Rosamorada,22.12,-105.21,74.68,53,0,3.56,MX,1605848001
434,Itoman,26.12,127.67,82.4,78,75,10.29,JP,1605848001
435,Maţāy,28.42,30.78,57.74,80,2,4.25,EG,1605848002
436,Chase,50.82,-119.69,33.8,86,54,2.24,CA,1605848002
437,Brae,60.4,-1.35,37.4,69,24,2.24,GB,1605848002
438,Polyarny,69.2,33.45,32.0,94,40,4.47,RU,1605848002
439,Lakselv,70.05,24.97,33.8,86,100,38.03,NO,1605848002
440,Luanda,-8.84,13.23,77.0,83,75,2.24,AO,1605848002
441,Bandiagara,14.35,-3.61,72.37,22,74,11.21,ML,1605848003
442,Manakara,-22.13,48.02,77.77,67,16,8.99,MG,1605848003
443,Half Moon Bay,37.46,-122.43,52.0,87,1,7.14,US,1605848003
444,Pangkalanbuun,-2.68,111.62,96.19,44,14,2.64,ID,1605848003
445,Port Shepstone,-30.74,30.45,66.02,71,46,11.41,ZA,1605848003
446,Aklavik,68.22,-135.01,3.2,71,1,3.36,CA,1605848004
447,Thinadhoo,0.53,72.93,82.4,68,94,4.12,MV,1605848004
448,Togul,53.47,85.91,16.02,94,100,11.23,RU,1605848004
449,Vaitape,-16.52,-151.75,80.83,72,76,9.73,PF,1605848004
450,Henderson,36.04,-114.98,60.8,37,1,0.72,US,1605847955
451,Sisimiut,66.94,-53.67,29.03,96,100,8.84,GL,1605848005
452,Te Anau,-45.42,167.72,60.6,54,98,8.21,NZ,1605848005
453,Andenes,69.31,16.12,36.0,74,75,19.46,NO,1605848005
454,Nouadhibou,20.93,-17.03,69.8,73,0,12.75,MR,1605848005
455,Malbork,54.04,19.03,35.6,80,75,20.8,PL,1605848005
456,Khor,47.89,134.95,27.77,79,100,10.33,RU,1605848006
457,Palu,-0.89,119.87,86.54,68,100,3.33,ID,1605847884
458,Fuyang,32.9,115.82,55.74,42,0,12.41,CN,1605848006
459,Kuopio,62.89,27.68,30.2,63,0,11.41,FI,1605848006
460,Lobatse,-25.22,25.67,68.0,64,0,4.7,BW,1605848006
461,Noumea,-22.28,166.46,86.0,48,20,21.92,NC,1605848007
462,São José da Coroa Grande,-8.9,-35.15,77.07,87,97,9.26,BR,1605848007
463,Pontypridd,51.6,-3.34,46.0,88,98,6.96,GB,1605848007
464,São João da Barra,-21.64,-41.05,73.22,91,64,20.96,BR,1605848007
465,Maridi,4.92,29.47,72.95,79,62,2.75,SS,1605848007
466,Fare,-16.7,-151.02,81.01,71,91,8.68,PF,1605848008
467,Giyani,-23.3,30.72,66.02,76,100,11.88,ZA,1605848008
468,Al Bardīyah,31.76,25.09,60.62,74,73,13.38,LY,1605848008
469,Muros,42.78,-9.06,52.0,81,3,8.99,ES,1605848008
470,Mumford,5.26,-0.76,77.2,85,5,5.19,GH,1605848008
471,Auki,-8.77,160.7,74.88,90,100,6.44,SB,1605848009
472,Sept-Îles,50.2,-66.38,21.2,85,90,6.93,CA,1605847803
473,Guebwiller,47.92,7.2,43.0,93,90,2.24,FR,1605848009
474,Kavaratti,10.57,72.64,84.2,83,40,6.93,IN,1605848009
475,Kargat,55.2,80.28,14.4,96,100,15.1,RU,1605848009
476,Kudahuvadhoo,2.67,72.89,82.72,65,90,4.45,MV,1605848009
477,Batamshinskiy,50.56,58.27,12.2,72,0,11.18,KZ,1605848010
478,Dawei,14.08,98.2,91.18,49,88,3.6,MM,1605848005
479,Govindgarh,27.5,76.98,72.54,22,0,7.49,IN,1605848010
480,Aksu,41.12,80.26,42.21,57,100,9.06,CN,1605848010
481,Iskateley,67.68,53.15,39.24,91,100,25.77,RU,1605848011
482,Abonnema,4.71,6.79,76.12,89,61,3.98,NG,1605848011
483,Bara,10.37,10.73,67.55,26,74,6.91,NG,1605848011
484,Paamiut,61.99,-49.67,31.05,93,30,4.18,GL,1605848011
485,Stepnyak,52.83,70.78,15.13,94,11,15.79,KZ,1605848011
486,Shwebo,22.57,95.7,79.57,54,0,5.79,MM,1605848012
487,Bathsheba,13.22,-59.52,78.8,83,40,21.92,BB,1605848012
488,Vao,-22.67,167.48,74.1,74,32,15.97,NC,1605848012
489,Xai-Xai,-25.05,33.64,74.97,70,95,17.09,MZ,1605848012
490,Isangel,-19.55,169.27,78.04,67,3,15.03,VU,1605848012
491,Barstow,34.9,-117.02,53.6,40,1,5.82,US,1605847839
492,Benjamin Constant,-4.38,-70.03,75.2,100,40,1.43,BR,1605847987
493,Kenai,60.55,-151.26,26.01,68,90,13.87,US,1605848013
494,Eyl,7.98,49.82,80.47,50,100,20.83,SO,1605848013
495,Iqaluit,63.75,-68.51,1.4,70,20,14.99,CA,1605848013
496,Omboué,-1.57,9.26,76.37,90,99,4.14,GA,1605848013
497,Malayal,7.21,121.94,86.0,84,20,6.93,PH,1605848014
498,Castlemaine,-37.07,144.22,88.0,56,79,5.99,AU,1605847813
499,Teknāf,20.86,92.31,82.85,44,0,4.81,BD,1605848014
500,Sechenovo,55.22,45.89,24.04,83,61,19.8,RU,1605848014
501,Breves,-1.68,-50.48,72.72,92,100,0.85,BR,1605848014
502,Saquarema,-22.92,-42.51,70.93,84,100,7.34,BR,1605848014
503,Kodinsk,58.69,99.18,15.66,92,100,9.28,RU,1605848015
504,Ginda,30.69,78.49,58.21,30,0,4.94,IN,1605848015
505,Shenzhen,22.55,114.07,89.01,73,13,3.98,CN,1605848015
506,Almaznyy,48.04,40.05,26.6,79,75,15.66,RU,1605848015
507,Sangar,63.92,127.47,-11.52,89,100,4.76,RU,1605848016
508,Barraute,48.43,-77.63,37.0,90,75,4.7,CA,1605848016
509,Tateyama,34.98,139.87,73.4,78,75,17.22,JP,1605848016
510,Sangolquí,-0.33,-78.45,55.4,93,90,3.36,EC,1605848016
511,Jiuquan,39.74,98.52,24.4,90,100,9.55,CN,1605848017
512,Shīeli,44.17,66.75,18.3,88,0,6.53,KZ,1605848017
513,Novopokrovka,49.84,36.55,21.2,92,75,6.71,UA,1605848017
514,San Cristobal,7.77,-72.22,64.99,89,23,0.94,VE,1605848017
515,Mitú,1.2,-70.17,73.51,98,98,0.78,CO,1605848018
516,Verkhotur'ye,58.86,60.81,27.32,92,92,13.09,RU,1605848018
517,Methóni,36.82,21.7,48.2,66,20,5.82,GR,1605848018
518,Noril'sk,69.35,88.2,10.4,85,75,24.61,RU,1605848018
519,Sapa,5.15,120.32,86.4,65,100,1.16,PH,1605848018
520,Rawlins,41.79,-107.24,30.2,46,1,11.41,US,1605847934
521,Sungai Raya,0.7,108.9,84.06,78,16,6.69,ID,1605848019
522,Kalabo,-14.97,22.68,70.25,86,100,1.83,ZM,1605848019
523,Codrington,-38.27,141.97,61.39,78,98,13.67,AU,1605848019
524,Keetmanshoop,-26.58,18.13,72.75,21,0,9.33,NA,1605848019
525,Kalianget,-7.05,113.93,88.77,58,48,7.11,ID,1605848020
526,Vani,42.08,42.52,50.0,53,90,32.21,GE,1605848020
527,Grindavik,63.84,-22.43,35.6,93,75,11.41,IS,1605848020
528,Kuragino,53.9,92.67,18.46,95,100,8.41,RU,1605848020
529,Samarai,-10.62,150.67,82.13,81,55,12.97,PG,1605848020
530,Palmer,42.16,-72.33,43.0,52,75,9.17,US,1605848021
531,Pagudpud,18.56,120.79,86.0,79,20,8.05,PH,1605848021
532,Itápolis,-21.6,-48.81,60.89,82,24,8.37,BR,1605847809
533,Kungurtug,50.6,97.52,2.46,82,96,1.54,RU,1605848021
534,St. George's,12.06,-61.75,80.6,83,20,17.22,GD,1605848021
535,Polyanka,50.26,27.69,36.05,88,96,10.02,UA,1605848022
536,Coos Bay,43.37,-124.22,43.0,100,90,6.93,US,1605847879
537,Ribeira Brava,32.65,-17.07,68.0,77,40,13.87,PT,1605848022
538,Faya,18.39,42.45,53.6,100,0,0.49,SA,1605848022
539,Jinchang,38.5,102.17,32.18,84,81,22.44,CN,1605848022
540,Los Llanos de Aridane,28.66,-17.92,66.2,82,20,6.93,ES,1605848022
541,Jumla,29.27,82.18,55.13,25,0,3.76,NP,1605848023
542,Lima,-12.04,-77.03,64.4,77,0,11.41,PE,1605848002
543,Roald,62.58,6.13,39.2,69,90,10.29,NO,1605848023
544,Elko,41.0,-115.5,35.01,59,1,3.36,US,1605848023
545,Katobu,-4.94,122.53,89.64,54,26,3.06,ID,1605848023
546,Tokur,53.13,132.9,14.97,88,0,1.86,RU,1605848024
547,Puerto Peñasco,31.32,-113.53,73.0,63,44,5.01,MX,1605848024
548,Miguel Auza,24.29,-103.45,57.16,39,33,5.86,MX,1605848024
549,Longyearbyen,78.22,15.64,15.8,52,20,12.75,SJ,1605848024
550,Soyo,-6.13,12.37,77.36,81,100,4.21,AO,1605848025
551,Neuquén,-38.95,-68.06,75.2,41,0,3.36,AR,1605847742
552,Neiafu,-18.65,-173.98,78.8,94,75,9.17,TO,1605848025
553,Río Gallegos,-51.62,-69.22,51.8,71,0,6.93,AR,1605848025
554,Chabahar,25.29,60.64,72.05,32,0,10.13,IR,1605848026
555,Arman',59.7,150.17,8.58,84,9,10.94,RU,1605848026
556,Esterhazy,50.65,-102.08,15.8,92,97,9.17,CA,1605848026
557,Sivaki,52.63,126.75,17.91,90,100,2.73,RU,1605848026
558,Provideniya,64.38,-173.3,30.2,80,90,13.42,RU,1605848026
559,Buraidah,26.33,43.98,62.6,77,0,11.41,SA,1605847921
560,Synya,65.37,58.04,36.9,96,100,17.67,RU,1605848027
561,Umluj,25.02,37.27,76.37,70,2,4.74,SA,1605848027
562,Mastic Beach,40.77,-72.85,50.0,57,1,13.87,US,1605847842
563,Nuuk,64.18,-51.72,28.4,86,27,4.7,GL,1605848027
564,Cockburn Town,21.46,-71.14,80.91,77,67,19.26,TC,1605848028
565,Avera,33.19,-82.53,46.4,70,90,3.36,US,1605848028
566,Rabo de Peixe,37.8,-25.58,62.6,82,20,11.41,PT,1605848028
567,Troitsk,54.1,61.58,20.39,91,0,8.19,RU,1605848028
568,Nieves,15.33,120.95,89.6,59,40,6.93,PH,1605848028
569,Solnechnyy,50.72,136.63,24.21,80,100,2.77,RU,1605848029
570,Otane,-39.88,176.63,64.53,61,18,3.76,NZ,1605848029
571,Laas,46.62,10.7,37.99,64,90,13.87,IT,1605848029
572,Avila,40.58,-5.0,42.01,86,6,3.2,ES,1605848029
573,Santa Cruz de Tenerife,28.47,-16.25,68.0,93,90,8.05,ES,1605848029
574,Oranjestad,12.52,-70.03,82.4,78,40,13.87,AW,1605847946
575,Arrondissement de Mont-de-Marsan,44.0,-0.67,42.8,100,90,2.77,FR,1605848030
576,Bongandanga,1.5,21.05,71.71,96,100,0.51,CD,1605848030
577,Álamos,27.02,-108.93,75.0,59,0,3.51,MX,1605848030
578,Henties Bay,-22.12,14.28,57.99,88,75,3.0,NA,1605848030
579,Qui Nhon,13.77,109.23,79.34,80,45,6.51,VN,1605847785
580,Hong Kong,22.29,114.16,82.0,72,4,8.99,HK,1605847782
581,Laguna,38.42,-121.42,54.0,70,1,3.36,US,1605848031
582,Harper,4.38,-7.72,78.44,82,80,5.84,LR,1605848031
583,Popondetta,-8.75,148.25,87.96,60,77,6.98,PG,1605848031
584,Akom,2.67,12.71,66.09,99,97,1.59,CM,1605848031
585,Yulara,-25.24,130.99,98.6,10,42,12.75,AU,1605848031
586,Muroto-misakicho,33.28,134.15,75.2,83,75,2.24,JP,1605848032
587,Salina,38.84,-97.61,51.8,57,1,6.69,US,1605848032
588,Polis,35.04,32.43,57.2,93,40,6.93,CY,1605848032
589,San Jerónimo,-11.95,-75.28,47.34,81,100,7.36,PE,1605848033
590,Yangjiang,21.85,111.97,87.01,57,7,7.18,CN,1605848033
591,Kapit,2.02,112.93,93.85,52,93,1.01,MY,1605848033
592,Khorinsk,52.17,109.77,13.39,86,25,13.38,RU,1605848033
593,Tura,25.52,90.22,74.23,74,18,0.92,IN,1605847997
594,Cananéia,-25.01,-47.93,64.29,86,68,3.06,BR,1605848034
